x = 4.99609
f(x) = 152.82226
count of operation = 7
